400 0.10198499 490.26822
448 9.09859985E-02 549.53436
504 9.19860154E-02 543.56036
564 9.29860175E-02 537.71387
636 9.19859707E-02 543.56049
712 9.79850292E-02 510.28043
800 9.49850082E-02 526.39886
900 0.11998200 416.72876
1012 0.11198300 446.49530
1136 0.10998303 454.61475
1276 0.10798395 463.02939
1436 0.10698402 467.35696
1612 0.10698402 467.35773
1812 0.10498393 476.26218
2036 0.10098398 495.12390
2288 0.10098505 495.11948
2568 0.10098505 495.11884
2888 9.99839306E-02 500.07980
3244 9.79850292E-02 510.27969
3644 9.69859362E-02 515.53168
4092 9.59851742E-02 520.90466
4596 9.59849358E-02 520.91388
5164 9.49859619E-02 526.38452
5800 9.49859619E-02 526.38202
6516 9.49850082E-02 526.38727
7320 9.39860344E-02 531.98608
8224 9.39860344E-02 531.99249
9240 9.39848423E-02 532.00018
10380 9.39860344E-02 531.97125
11660 9.29861069E-02 537.69409
13096 9.29858685E-02 537.68658
14712 9.19861794E-02 543.54614
16528 9.29858685E-02 537.68604
18564 9.19859409E-02 543.53406
20856 9.29851532E-02 537.68848
23428 9.19868946E-02 543.50513
26316 9.19861794E-02 543.49274
29560 9.19859409E-02 543.48907
33208 9.19859409E-02 543.50311
37304 9.09860134E-02 549.49860
41904 9.19859409E-02 543.46863
47072 9.09857750E-02 549.43164
52876 9.19861794E-02 543.49750
59396 9.19857025E-02 543.52557
66724 9.49859619E-02 526.31940
74952 0.12498140 400.00339
84196 0.15197563 328.94339
94576 0.17497396 285.66202
106240 0.18297195 273.18896
119344 0.18197203 274.63177
134064 0.18297338 273.11270
150596 0.18197203 274.75580
169168 0.18297195 273.20660
190032 0.18197203 274.64890
213464 0.18297291 272.99438
239792 0.18197203 274.74899
269364 0.18197203 274.58627
302584 0.18297195 272.86346
339900 0.18197298 274.57538
381816 0.18797112 265.58569
428904 0.21196795 235.73055
481800 0.26295996 190.09264
541216 0.26895905 185.63115
607964 0.31495237 158.28758
682940 0.37594318 132.61211
767164 0.38894081 128.20886
861772 0.39893913 125.28923
968048 0.40493774 123.11639
1087432 0.40293884 123.46791
1221540 0.40293884 123.53675
1372184 0.40293789 123.44749
1541408 0.40393925 123.06407
1731504 0.40293884 123.54416
1945036 0.40293884 123.09167
2184908 0.40293789 123.36060
2454360 0.40293980 123.34546
2757044 0.40293884 123.16209
3097052 0.40293884 122.97855
3478992 0.40293789 123.03543
3908036 0.40493870 123.04939
4389992 0.40193748 122.87335
4931384 0.40293980 122.38514
5539544 0.41393661 120.44331
6222700 0.42993450 115.78880
6990108 0.45493126 107.55637
7852156 0.49092484 99.966370
8820524 0.49992371 97.040565
9908304 0.51792145 95.654510
11130232 0.49492455 95.577171
12502868 0.49192619 95.310555
14044756 0.51492119 95.464409
15776812 0.49592590 95.438522
17722468 0.51092148 95.389977
19908092 0.52192116 95.359673
22363232 0.46892738 95.380363
25121152 0.46092987 95.376801
28219216 0.51692200 95.534004
31699320 0.49792480 95.494301
35608636 0.46692848 95.326797
39999988 0.52392006 95.434372
