400 0.10198499000000003 490.26821999999999
448 0.090985998499999998 549.53435999999999
504 0.091986015399999982 543.56035999999995
564 0.092986017500000004 537.71387000000004
636 0.091985970700000017 543.56048999999996
712 0.09798502919999999 510.28042999999991
800 0.094985008199999998 526.39886000000013
900 0.11998200000000002 416.72876000000002
1012 0.11198299999999997 446.49529999999999
1136 0.10998303 454.61475000000007
1276 0.10798394999999997 463.02939000000003
1436 0.10698401999999999 467.35696000000002
1612 0.10698401999999999 467.35773000000006
1812 0.10498392999999998 476.26218000000006
2036 0.10098397999999999 495.12389999999999
2288 0.10098505000000001 495.11947999999995
2568 0.10098505000000001 495.11884000000003
2888 0.099983930600000007 500.07979999999998
3244 0.09798502919999999 510.27968999999996
3644 0.096985936199999984 515.53168000000005
4092 0.095985174199999981 520.90466000000004
4596 0.095984935800000004 520.91387999999995
5164 0.094985961899999985 526.38451999999995
5800 0.094985961899999985 526.38202000000001
6516 0.094985008199999998 526.38727000000006
7320 0.093986034399999988 531.98608000000002
8224 0.093986034399999988 531.99248999999998
9240 0.09398484230000001 532.00018
10380 0.093986034399999988 531.97125000000005
11660 0.09298610689999999 537.69408999999996
13096 0.092985868499999999 537.68658000000005
14712 0.091986179399999993 543.54614000000004
16528 0.092985868499999999 537.68604000000005
18564 0.091985940899999993 543.53405999999995
20856 0.092985153200000004 537.68847999999991
23428 0.091986894599999994 543.50513000000001
26316 0.091986179399999993 543.49274000000003
29560 0.091985940899999993 543.48906999999997
33208 0.091985940899999993 543.50310999999999
37304 0.090986013399999996 549.49860000000001
41904 0.091985940899999993 543.46862999999996
47072 0.090985775000000019 549.4316399999999
52876 0.091986179399999993 543.49749999999995
59396 0.091985702500000016 543.5255699999999
66724 0.094985961899999985 526.31939999999997
74952 0.12498140000000001 400.00338999999997
84196 0.15197563 328.94338999999997
94576 0.17497396000000001 285.66201999999998
106240 0.18297194999999999 273.18896000000001
119344 0.18197203000000003 274.63177000000002
134064 0.18297337999999999 273.11270000000007
150596 0.18197203000000003 274.75579999999997
169168 0.18297194999999999 273.20659999999998
190032 0.18197203000000003 274.64890000000008
213464 0.18297290999999996 272.99438000000004
239792 0.18197203000000003 274.74898999999999
269364 0.18197203000000003 274.58627000000001
302584 0.18297194999999999 272.86345999999998
339900 0.18197298000000003 274.57538
381816 0.18797112000000002 265.58568999999994
428904 0.21196794999999999 235.73054999999999
481800 0.26295995999999994 190.09264000000002
541216 0.26895904999999992 185.63114999999996
607964 0.31495236999999993 158.28757999999996
682940 0.37594318000000004 132.61211
767164 0.38894081000000003 128.20885999999999
861772 0.39893912999999998 125.28922999999999
968048 0.40493773999999993 123.11639000000001
1087432 0.40293884000000002 123.46790999999999
1221540 0.40293884000000002 123.53675
1372184 0.40293789000000002 123.44749
1541408 0.40393925000000003 123.06407
1731504 0.40293884000000002 123.54416000000002
1945036 0.40293884000000002 123.09167000000001
2184908 0.40293789000000002 123.36059999999999
2454360 0.40293980000000001 123.34546
2757044 0.40293884000000002 123.16209000000002
3097052 0.40293884000000002 122.97855000000001
3478992 0.40293789000000002 123.03543000000001
3908036 0.40493869999999987 123.04939
4389992 0.40193748000000001 122.87334999999999
4931384 0.40293980000000001 122.38513999999999
5539544 0.41393660999999998 120.44331
6222700 0.42993449999999994 115.78880000000001
6990108 0.45493126 107.55637
7852156 0.49092483999999997 99.966369999999998
8820524 0.49992371000000002 97.040565000000001
9908304 0.51792145000000012 95.654509999999988
11130232 0.49492454999999996 95.577171000000007
12502868 0.49192618999999999 95.310555000000008
14044756 0.51492119000000003 95.464409000000018
15776812 0.49592589999999998 95.43852200000002
17722468 0.51092148000000004 95.389977000000016
19908092 0.52192115999999988 95.359673000000015
22363232 0.46892738000000012 95.380363000000003
25121152 0.46092987000000007 95.376801
28219216 0.51692199999999999 95.534003999999996
31699320 0.49792479999999995 95.494300999999979
35608636 0.46692847999999998 95.326796999999999
39999988 0.52392006000000002 95.434371999999996
