400 0.10198501 490.26813
448 9.09859836E-02 549.53448
504 9.29860026E-02 537.71484
564 9.29860175E-02 537.71387
636 9.19859707E-02 543.56049
712 9.79850590E-02 510.28027
800 9.49850082E-02 526.39886
900 0.11898196 420.23135
1012 0.11298305 442.54324
1136 0.10998297 454.61496
1276 0.10698390 467.35760
1436 0.10798407 463.02875
1612 0.10698402 467.35773
1812 0.10398400 480.84201
2036 0.10198390 490.26932
2288 0.10098505 495.11948
2568 0.10098505 495.11884
2888 9.99839306E-02 500.07980
3244 9.79850292E-02 510.27969
3644 9.59861279E-02 520.90155
4092 9.69851017E-02 515.53406
4596 9.49859619E-02 526.39233
5164 9.59849358E-02 520.90613
5800 9.49859619E-02 526.38202
6516 9.39850807E-02 531.98761
7320 9.39860344E-02 531.98608
8224 9.39857960E-02 531.99384
9240 9.39850807E-02 531.99884
10380 9.39860344E-02 531.97125
11660 9.29861069E-02 537.69409
13096 9.29858685E-02 537.68658
14712 9.19859409E-02 543.54755
16528 9.29861069E-02 537.68463
18564 9.19859409E-02 543.53406
20856 9.19859409E-02 543.52924
23428 9.29861069E-02 537.66473
26316 9.19859409E-02 543.49414
29560 9.19859409E-02 543.48907
33208 9.09860134E-02 549.47614
37304 9.19861794E-02 543.52393
41904 9.19854641E-02 543.47144
47072 9.09862518E-02 549.42877
52876 9.19861794E-02 543.49750
59396 9.19857025E-02 543.52557
66724 9.49859619E-02 526.31940
74952 0.12498093 400.00488
84196 0.15197706 328.94028
94576 0.17497301 285.66357
106240 0.18297195 273.18896
119344 0.18197203 274.63177
134064 0.18297291 273.11343
150596 0.18197203 274.75580
169168 0.18297243 273.20587
190032 0.18297195 273.14795
213464 0.18197298 274.49445
239792 0.18197203 274.74899
269364 0.18297195 273.08569
302584 0.18197298 274.36139
339900 0.18197203 274.57681
381816 0.18197203 274.34128
428904 0.18497181 270.13477
481800 0.20796824 240.35764
541216 0.24296379 205.49225
607964 0.28295708 176.18591
682940 0.35694504 139.67030
767164 0.39794064 125.30930
861772 0.40593815 123.12904
968048 0.40393829 123.42101
1087432 0.40293789 123.46821
1221540 0.40393925 123.23080
1372184 0.40293884 123.44720
1541408 0.40293789 123.36990
1731504 0.40293980 123.54387
1945036 0.40193844 123.39804
2184908 0.40293884 123.36030
2454360 0.40293980 123.34546
2757044 0.40193844 123.46864
3097052 0.40293789 122.97884
3478992 0.40293884 123.03514
3908036 0.40493870 123.04939
4389992 0.40093899 123.17936
4931384 0.40293884 122.38542
5539544 0.41393661 120.44331
6222700 0.43093491 115.52000
6990108 0.45393085 107.79342
7852156 0.48992538 100.17031
8820524 0.49992371 97.040565
9908304 0.51792145 95.654510
11130232 0.49492455 95.577171
12502868 0.49192619 95.310555
14044756 0.51492119 95.464409
15776812 0.49592590 95.438522
17722468 0.51092148 95.389977
19908092 0.52192116 95.359673
22363232 0.46892929 95.379974
25121152 0.46092796 95.377190
28219216 0.51792145 95.349648
31699320 0.49892426 95.303001
35608636 0.46693039 95.326408
39999988 0.52491951 95.252670
