400 0.10198501 490.26813
448 9.09859836E-02 549.53448
504 9.19860154E-02 543.56036
564 9.39860046E-02 531.99268
636 9.09859836E-02 549.53448
712 9.89850461E-02 505.12521
800 9.39859748E-02 531.99426
900 0.11998099 416.73227
1012 0.11198300 446.49530
1136 0.11098301 450.51852
1276 0.10698390 467.35760
1436 0.10798407 463.02875
1612 0.10598397 471.76764
1812 0.10498405 476.26166
2036 0.10198390 490.26932
2288 9.99850035E-02 500.07166
2568 0.10098505 495.11884
2888 9.99840498E-02 500.07922
3244 9.79859829E-02 510.27472
3644 9.69851017E-02 515.53613
4092 9.59849358E-02 520.90594
4596 9.59861279E-02 520.90741
5164 9.49850082E-02 526.38983
5800 9.49859619E-02 526.38202
6516 9.49850082E-02 526.38727
7320 9.39860344E-02 531.98608
8224 9.39857960E-02 531.99384
9240 9.29861069E-02 537.71423
10380 9.29849148E-02 537.69867
11660 9.39860344E-02 531.97351
13096 9.19859409E-02 543.53149
14712 9.29861069E-02 537.70111
16528 9.29861069E-02 537.68463
18564 9.19859409E-02 543.53406
20856 9.19859409E-02 543.52924
23428 9.19859409E-02 543.51080
26316 9.19861794E-02 543.49274
29560 9.19859409E-02 543.48907
33208 9.19859409E-02 543.50311
37304 9.19859409E-02 543.52533
41904 9.09857750E-02 549.44275
47072 9.19861794E-02 543.45624
52876 9.19857025E-02 543.50031
59396 9.09862518E-02 549.49603
66724 9.59858894E-02 520.83649
74952 0.12498093 400.00488
84196 0.15097713 331.11884
94576 0.17497301 285.66357
106240 0.18297195 273.18896
119344 0.18297291 273.12952
134064 0.18197203 274.61560
150596 0.18297195 273.25430
169168 0.18197203 274.70786
190032 0.18297291 273.14655
213464 0.18197203 274.49591
239792 0.18297195 273.24753
269364 0.18197298 274.58484
302584 0.18197203 274.36282
339900 0.18197203 274.57681
381816 0.23096514 216.14708
428904 0.27395821 182.39027
481800 0.27295876 183.12933
541216 0.26596022 187.72423
607964 0.28695631 173.73044
682940 0.31895065 156.30826
767164 0.39594078 125.94221
861772 0.40393829 123.73865
968048 0.40293884 123.72714
1087432 0.40293884 123.46791
1221540 0.40193844 123.84423
1372184 0.40093899 124.06294
1541408 0.40193939 123.67638
1731504 0.40193844 123.85165
1945036 0.40093899 123.70564
2184908 0.40193939 123.66704
2454360 0.40193939 123.65245
2757044 0.40193844 123.46864
3097052 0.40193939 123.28433
3478992 0.40293789 123.03543
3908036 0.40493870 123.04939
4389992 0.40093899 123.17936
4931384 0.40293884 122.38542
5539544 0.41393757 120.44303
6222700 0.43193340 115.25295
6990108 0.45893097 106.61899
7852156 0.49492455 99.158501
8820524 0.50592232 95.889977
9908304 0.52292061 94.740044
11130232 0.49992561 94.621048
12502868 0.49592400 94.542221
14044756 0.51992035 94.546501
15776812 0.50192451 94.297920
17722468 0.51592064 94.465668
19908092 0.52692032 94.454948
22363232 0.47392654 94.374260
25121152 0.46592903 94.353462
28219216 0.52292252 94.437752
31699320 0.50292397 94.545067
35608636 0.47192764 94.316994
39999988 0.52891922 94.532356
