400 0.10198501 490.26813
448 9.09859985E-02 549.53436
504 9.29860026E-02 537.71484
564 9.29860175E-02 537.71387
636 9.09859836E-02 549.53448
712 9.89849865E-02 505.12555
800 9.39859748E-02 531.99426
900 0.11998099 416.73227
1012 0.11198300 446.49530
1136 0.10998404 454.61053
1276 0.10798299 463.03348
1436 0.10698402 467.35696
1612 0.10698402 467.35773
1812 0.10398400 480.84201
2036 0.10198402 490.26874
2288 0.10098493 495.12006
2568 0.10098505 495.11884
2888 9.99840498E-02 500.07922
3244 9.79859829E-02 510.27472
3644 9.69848633E-02 515.53741
4092 9.59849358E-02 520.90594
4596 9.49859619E-02 526.39233
5164 9.59851742E-02 520.90485
5800 9.49859619E-02 526.38202
6516 9.39848423E-02 531.98895
7320 9.49862003E-02 526.38446
8224 9.29858685E-02 537.71466
9240 9.39860344E-02 531.99347
10380 9.39850807E-02 531.97662
11660 9.29858685E-02 537.69550
13096 9.29861069E-02 537.68524
14712 9.19859409E-02 543.54755
16528 9.29861069E-02 537.68463
18564 9.19859409E-02 543.53406
20856 9.19859409E-02 543.52924
23428 9.29861069E-02 537.66473
26316 9.19859409E-02 543.49414
29560 9.19859409E-02 543.48907
33208 9.09860134E-02 549.47614
37304 9.19859409E-02 543.52533
41904 9.19859409E-02 543.46863
47072 9.09862518E-02 549.42877
52876 9.19857025E-02 543.50031
59396 9.09862518E-02 549.49603
66724 9.59858894E-02 520.83649
74952 0.12498093 400.00488
84196 0.15197706 328.94028
94576 0.17497301 285.66357
106240 0.18197203 274.69012
119344 0.18297291 273.12952
134064 0.18197203 274.61560
150596 0.18297195 273.25430
169168 0.18297195 273.20660
190032 0.18197298 274.64746
213464 0.18197203 274.49591
239792 0.18297195 273.24753
269364 0.18197298 274.58484
302584 0.18197203 274.36282
339900 0.18197203 274.57681
381816 0.18297195 272.84204
428904 0.18197346 274.58575
481800 0.27895689 179.19168
541216 0.31095266 160.56198
607964 0.32795048 152.01396
682940 0.36394501 136.98393
767164 0.37894154 131.59196
861772 0.40393925 123.73835
968048 0.40293884 123.72714
1087432 0.40193844 123.77522
1221540 0.40293884 123.53675
1372184 0.40193844 123.75446
1541408 0.40193939 123.67638
1731504 0.40293884 123.54416
1945036 0.40093899 123.70564
2184908 0.40093899 123.97561
2454360 0.40193939 123.65245
2757044 0.40293789 123.16239
3097052 0.40193844 123.28463
3478992 0.40193939 123.34107
3908036 0.40493870 123.04939
4389992 0.40193939 122.87277
4931384 0.40193939 122.68974
5539544 0.41493511 120.15347
6222700 0.43293667 114.98588
6990108 0.45993042 106.38731
7852156 0.49592400 98.958664
8820524 0.50592232 95.889977
9908304 0.52192116 94.921463
11130232 0.49892426 94.810959
12502868 0.49692535 94.351707
14044756 0.51992035 94.546501
15776812 0.50092316 94.486420
17722468 0.51592255 94.465324
19908092 0.52692032 94.454948
22363232 0.47292709 94.573700
25121152 0.46592903 94.353462
28219216 0.52292061 94.438103
31699320 0.50292397 94.545067
35608636 0.47092819 94.517166
39999988 0.52891922 94.532356
