400 0.10198501 490.26813
448 9.09859836E-02 549.53448
504 9.29860175E-02 537.71472
564 9.29860175E-02 537.71387
636 9.09859836E-02 549.53448
712 9.89850163E-02 505.12540
800 9.39859748E-02 531.99426
900 0.11998099 416.73227
1012 0.11198300 446.49530
1136 0.11098307 450.51831
1276 0.10698390 467.35760
1436 0.10798407 463.02875
1612 0.10598397 471.76764
1812 0.10498405 476.26166
2036 0.10098398 495.12390
2288 0.10098493 495.12006
2568 0.10098505 495.11884
2888 9.99840498E-02 500.07922
3244 9.79859829E-02 510.27472
3644 9.69849825E-02 515.53674
4092 9.59849358E-02 520.90594
4596 9.59861279E-02 520.90741
5164 9.49850082E-02 526.38983
5800 9.49859619E-02 526.38202
6516 9.49850082E-02 526.38727
7320 9.39860344E-02 531.98608
8224 9.39857960E-02 531.99384
9240 9.39850807E-02 531.99884
10380 9.29861069E-02 537.69177
11660 9.29858685E-02 537.69550
13096 9.29861069E-02 537.68524
14712 9.29858685E-02 537.70251
16528 9.19861794E-02 543.52948
18564 9.29858685E-02 537.68915
20856 9.19859409E-02 543.52924
23428 9.19861794E-02 543.50940
26316 9.19859409E-02 543.49414
29560 9.09860134E-02 549.46191
33208 9.19859409E-02 543.50311
37304 9.19859409E-02 543.52533
41904 9.09857750E-02 549.44275
47072 9.19861794E-02 543.45624
52876 9.09857750E-02 549.47333
59396 9.19861794E-02 543.52277
66724 9.59858894E-02 520.83649
74952 0.12498093 400.00488
84196 0.15097713 331.11884
94576 0.17497301 285.66357
106240 0.18297195 273.18896
119344 0.18297291 273.12952
134064 0.18197203 274.61560
150596 0.18297195 273.25430
169168 0.18197203 274.70786
190032 0.18297291 273.14655
213464 0.18197203 274.49591
239792 0.18297195 273.24753
269364 0.18197298 274.58484
302584 0.18197203 274.36282
339900 0.18197203 274.57681
381816 0.20296907 245.96082
428904 0.23296499 214.48422
481800 0.25196218 198.38989
541216 0.26495886 188.43370
607964 0.28795719 173.12660
682940 0.32795143 152.01830
767164 0.38594055 129.20554
861772 0.40393829 123.73865
968048 0.40293884 123.72714
1087432 0.40193844 123.77522
1221540 0.40193939 123.84393
1372184 0.40193939 123.75416
1541408 0.40193844 123.67667
1731504 0.40193939 123.85136
1945036 0.39994049 124.01449
2184908 0.40193748 123.66763
2454360 0.40193939 123.65245
2757044 0.40193939 123.46834
3097052 0.40093899 123.59195
3478992 0.40293884 123.03514
3908036 0.40393829 123.35414
4389992 0.40193939 122.87277
4931384 0.40193844 122.69003
5539544 0.41393757 120.44303
6222700 0.43093395 115.52026
6990108 0.45792961 106.85213
7852156 0.49592590 98.958282
8820524 0.50592232 95.889977
9908304 0.52192116 94.921463
11130232 0.49992371 94.621414
12502868 0.49592400 94.542221
14044756 0.51892281 94.728249
15776812 0.50092316 94.486420
17722468 0.51592255 94.465324
19908092 0.52692032 94.454948
22363232 0.47292709 94.573700
25121152 0.46592903 94.353462
28219216 0.52292061 94.438103
31699320 0.50292397 94.545067
35608636 0.47092819 94.517166
39999988 0.52991867 94.354065
