400 0.10198499 490.26822
448 9.09859985E-02 549.53436
504 9.19860154E-02 543.56036
564 9.29859877E-02 537.71405
636 9.19860005E-02 543.56030
712 9.79850292E-02 510.28043
800 9.49850082E-02 526.39886
900 0.11998200 416.72876
1012 0.11198300 446.49530
1136 0.10998291 454.61523
1276 0.10798407 463.02887
1436 0.10698390 467.35748
1612 0.10698307 467.36191
1812 0.10498405 476.26166
2036 0.10098493 495.11923
2288 0.10098505 495.11948
2568 0.10098398 495.12408
2888 9.99850035E-02 500.07446
3244 9.79850292E-02 510.27969
3644 9.69861746E-02 515.53046
4092 9.59849358E-02 520.90594
4596 9.59849358E-02 520.91388
5164 9.49859619E-02 526.38452
5800 9.49850082E-02 526.38727
6516 9.39860344E-02 531.98218
7320 9.49859619E-02 526.38580
8224 9.39850807E-02 531.99792
9240 9.29858685E-02 537.71564
10380 9.39860344E-02 531.97125
11660 9.29861069E-02 537.69409
13096 9.29858685E-02 537.68658
14712 9.19861794E-02 543.54614
16528 9.29858685E-02 537.68604
18564 9.29851532E-02 537.69324
20856 9.19859409E-02 543.52924
23428 9.19868946E-02 543.50513
26316 9.19861794E-02 543.49274
29560 9.19859409E-02 543.48907
33208 9.09860134E-02 549.47614
37304 9.19859409E-02 543.52533
41904 9.19859409E-02 543.46863
47072 9.09857750E-02 549.43164
52876 9.19861794E-02 543.49750
59396 9.19857025E-02 543.52557
66724 9.49859619E-02 526.31940
74952 0.12498140 400.00339
84196 0.15197563 328.94339
94576 0.17497396 285.66202
106240 0.18197203 274.69012
119344 0.18297195 273.13092
134064 0.18197298 274.61414
150596 0.18297243 273.25357
169168 0.18297195 273.20660
190032 0.18197203 274.64890
213464 0.18297291 272.99438
239792 0.18197203 274.74899
269364 0.18197203 274.58627
302584 0.18197298 274.36139
339900 0.18297195 273.07626
381816 0.18197203 274.34128
428904 0.18197203 274.58789
481800 0.19097090 261.75064
541216 0.25696087 194.29875
607964 0.32295132 154.36707
682940 0.35794640 139.27957
767164 0.40393829 123.44871
861772 0.40393829 123.73865
968048 0.40293884 123.72714
1087432 0.40293884 123.46791
1221540 0.40293884 123.53675
1372184 0.40093899 124.06294
1541408 0.40293884 123.36961
1731504 0.40293884 123.54416
1945036 0.40093899 123.70564
2184908 0.40193939 123.66704
2454360 0.40193844 123.65275
2757044 0.40193844 123.46864
3097052 0.40193844 123.28463
3478992 0.40293980 123.03485
3908036 0.40393829 123.35414
4389992 0.40193939 122.87277
4931384 0.40293789 122.38571
5539544 0.41393661 120.44331
6222700 0.43193626 115.25219
6990108 0.45792961 106.85213
7852156 0.49592400 98.958664
8820524 0.50592422 95.889618
9908304 0.52291870 94.740387
11130232 0.49992371 94.621414
12502868 0.49592590 94.541855
14044756 0.52092171 94.364754
15776812 0.50092316 94.486420
17722468 0.51592064 94.465668
19908092 0.52692032 94.454948
22363232 0.47392845 94.373878
25121152 0.46592903 94.353462
28219216 0.52292061 94.438103
31699320 0.50392342 94.357552
35608636 0.47092819 94.517166
39999988 0.52991867 94.354065
