400 0.10198401 490.27295
448 9.09859985E-02 549.53436
504 9.19860005E-02 543.56042
564 9.29860175E-02 537.71387
636 9.09860134E-02 549.53430
712 9.79849696E-02 510.28076
800 9.49860215E-02 526.39325
900 0.11998200 416.72876
1012 0.11198199 446.49936
1136 0.10998404 454.61053
1276 0.10798299 463.03348
1436 0.10698402 467.35696
1612 0.10698390 467.35825
1812 0.10498405 476.26166
2036 0.10098505 495.11865
2288 0.10098398 495.12473
2568 0.10098493 495.11942
2888 9.99850035E-02 500.07446
3244 9.79850292E-02 510.27969
3644 9.69851017E-02 515.53613
4092 9.59849358E-02 520.90594
4596 9.59858894E-02 520.90869
5164 9.49850082E-02 526.38983
5800 9.49862003E-02 526.38068
6516 9.39857960E-02 531.98352
7320 9.49850082E-02 526.39105
8224 9.39860344E-02 531.99249
9240 9.29861069E-02 537.71423
10380 9.39848423E-02 531.97797
11660 9.29861069E-02 537.69409
13096 9.29858685E-02 537.68658
14712 9.19861794E-02 543.54614
16528 9.29858685E-02 537.68604
18564 9.29861069E-02 537.68774
20856 9.19859409E-02 543.52924
23428 9.19859409E-02 543.51080
26316 9.19861794E-02 543.49274
29560 9.19859409E-02 543.48907
33208 9.19859409E-02 543.50311
37304 9.09860134E-02 549.49860
41904 9.19857025E-02 543.47003
47072 9.09862518E-02 549.42877
52876 9.19857025E-02 543.50031
59396 9.19861794E-02 543.52277
66724 9.49859619E-02 526.31940
74952 0.12598085 396.83002
84196 0.15097713 331.11884
94576 0.17497301 285.66357
106240 0.18297195 273.18896
119344 0.18197298 274.63034
134064 0.18297195 273.11484
150596 0.18197203 274.75580
169168 0.18197298 274.70639
190032 0.18297195 273.14795
213464 0.18197203 274.49591
239792 0.18197203 274.74899
269364 0.18297291 273.08429
302584 0.18197203 274.36282
339900 0.18197203 274.57681
381816 0.18197298 274.33984
428904 0.18197203 274.58789
481800 0.18297195 273.19351
541216 0.24796295 201.34933
607964 0.31995106 155.81461
682940 0.38394117 129.84962
767164 0.40193939 124.06263
861772 0.40393829 123.73865
968048 0.40293884 123.72714
1087432 0.40093899 124.08376
1221540 0.40293980 123.53646
1372184 0.40093899 124.06294
1541408 0.40193748 123.67696
1731504 0.40193939 123.85136
1945036 0.40093899 123.70564
2184908 0.40193844 123.66734
2454360 0.40293980 123.34546
2757044 0.40193844 123.46864
3097052 0.40193939 123.28433
3478992 0.40293884 123.03514
3908036 0.40493774 123.04967
4389992 0.40193939 122.87277
4931384 0.40293884 122.38542
5539544 0.41393661 120.44331
6222700 0.43193436 115.25270
6990108 0.45892906 106.61943
7852156 0.49592590 98.958282
8820524 0.50592232 95.889977
9908304 0.52192116 94.921463
11130232 0.49992371 94.621414
12502868 0.49592400 94.542221
14044756 0.51992226 94.546150
15776812 0.50092316 94.486420
17722468 0.51592255 94.465324
19908092 0.52692032 94.454948
22363232 0.47392654 94.374260
25121152 0.46492958 94.556290
28219216 0.52292061 94.438103
31699320 0.50392342 94.357552
35608636 0.47092819 94.517166
39999988 0.52992058 94.353737
