400 0.10198400 490.27298
448 9.09859985E-02 549.53436
504 9.19860005E-02 543.56042
564 9.29860175E-02 537.71387
636 9.19860005E-02 543.56030
712 9.79849696E-02 510.28076
800 9.49860215E-02 526.39325
900 0.11898202 420.23117
1012 0.11198300 446.49530
1136 0.11098301 450.51852
1276 0.10698402 467.35712
1436 0.10798299 463.03333
1612 0.10598397 471.76764
1812 0.10498393 476.26218
2036 0.10098505 495.11865
2288 0.10098398 495.12473
2568 0.10098505 495.11884
2888 9.99850035E-02 500.07446
3244 9.79850292E-02 510.27969
3644 9.69848633E-02 515.53741
4092 9.59861279E-02 520.89948
4596 9.59849358E-02 520.91388
5164 9.49850082E-02 526.38983
5800 9.49859619E-02 526.38202
6516 9.39860344E-02 531.98218
7320 9.49850082E-02 526.39105
8224 9.39860344E-02 531.99249
9240 9.29858685E-02 537.71564
10380 9.39860344E-02 531.97125
11660 9.29851532E-02 537.69958
13096 9.29858685E-02 537.68658
14712 9.29861069E-02 537.70111
16528 9.19859409E-02 543.53088
18564 9.29861069E-02 537.68774
20856 9.19859409E-02 543.52924
23428 9.19859409E-02 543.51080
26316 9.19859409E-02 543.49414
29560 9.19861794E-02 543.48767
33208 9.19859409E-02 543.50311
37304 9.09860134E-02 549.49860
41904 9.19857025E-02 543.47003
47072 9.19861794E-02 543.45624
52876 9.09867287E-02 549.46759
59396 9.19861794E-02 543.52277
66724 9.49850082E-02 526.32471
74952 0.12598085 396.83002
84196 0.15097713 331.11884
94576 0.17497301 285.66357
106240 0.18297291 273.18756
119344 0.18197203 274.63177
134064 0.18297195 273.11484
150596 0.18197203 274.75580
169168 0.18197298 274.70639
190032 0.18297195 273.14795
213464 0.18197203 274.49591
239792 0.18197298 274.74756
269364 0.18297195 273.08569
302584 0.18197203 274.36282
339900 0.18197203 274.57681
381816 0.18997192 262.78851
428904 0.21396732 233.52779
481800 0.26195955 190.81859
541216 0.29795504 167.56615
607964 0.34094810 146.21887
682940 0.37394333 133.32132
767164 0.37894249 131.59163
861772 0.39793968 125.60390
968048 0.40093899 124.34428
1087432 0.40193844 123.77522
1221540 0.40293884 123.53675
1372184 0.40193939 123.75416
1541408 0.40293884 123.36961
1731504 0.40293789 123.54446
1945036 0.40093899 123.70564
2184908 0.40193939 123.66704
2454360 0.40293884 123.34575
2757044 0.40193939 123.46834
3097052 0.40193844 123.28463
3478992 0.40293789 123.03543
3908036 0.40493965 123.04910
4389992 0.40193844 122.87306
4931384 0.40393829 122.08261
5539544 0.41393661 120.44331
6222700 0.43293476 114.98638
6990108 0.45792961 106.85213
7852156 0.49592590 98.958282
8820524 0.50592232 95.889977
9908304 0.52192116 94.921463
11130232 0.49992371 94.621414
12502868 0.49592400 94.542221
14044756 0.51992226 94.546150
15776812 0.49992371 94.675316
17722468 0.51592255 94.465324
19908092 0.52691841 94.455284
22363232 0.47292900 94.573318
25121152 0.46592903 94.353462
28219216 0.52191925 94.619286
31699320 0.50292397 94.545067
35608636 0.47092819 94.517166
39999988 0.52891922 94.532356
